1		 0.59763		-0.78292		0.011313		0.02654			0.011313		0.02654			-0.86812		0.011274
2		 0.0024571		-0.96221		0.028166		0.036224		0.028166		0.036224		-0.86823		0.023016
3		-0.37368		-0.87068		0.039062		0.038343		0.039062		0.038343		-0.86795		0.03496
4		-0.58223		-0.73683		0.045436		0.039274		0.045436		0.039274		-0.86731		0.046925
5		-0.70144		-0.61691		0.049473		0.040587		0.049473		0.040587		-0.86636		0.058864
6		-0.7736			-0.51789		0.052356		0.042472		0.052356		0.042472		-0.86515		0.070766
7		-0.81967		-0.4367			0.05467			0.044844		0.05467			0.044844		-0.86368		0.08263
8		-0.85036		-0.36931		0.056714		0.047586		0.056714		0.047586		-0.86197		0.094454
9		-0.87146		-0.31239		0.058651		0.050604		0.058651		0.050604		-0.86002		0.10624
10		-0.88629		-0.26346		0.060574		0.053827		0.060574		0.053827		-0.85783		0.11798
11		-0.89683		-0.22071		0.06254			0.0572			0.06254			0.0572			-0.85541		0.12967
12		-0.90433		-0.18279		0.064585		0.060685		0.064585		0.060685		-0.85275		0.14132
13		-0.90959		-0.14872		0.066732		0.064252		0.066732		0.064252		-0.84985		0.15291
14		-0.91317		-0.11775		0.068999		0.067877		0.068999		0.067877		-0.84672		0.16445
15		-0.91542		-0.089326		0.071396		0.071541		0.071396		0.071541		-0.84335		0.17593
16		-0.91662		-0.063002		0.073933		0.07523			0.073933		0.07523			-0.83975		0.18733
17		-0.91696		-0.038435		0.076617		0.078932		0.076617		0.078932		-0.8359			0.19867
18		-0.91658		-0.015356		0.079453		0.082635		0.079453		0.082635		-0.83182		0.20994
19		-0.91558		 0.0064554		0.082447		0.08633			0.082447		0.08633			-0.8275			0.22112
20		-0.91404 		 0.027174		0.085602		0.090009		0.085602		0.090009		-0.82295		0.23222
21		-0.91201		 0.046943		0.088922		0.093665		0.088922		0.093665		-0.81815		0.24323
22		-0.90956		 0.065881		0.092411		0.097291		0.092411		0.097291		-0.81311		0.25414
23		-0.9067			 0.084086		0.096071		0.10088			0.096071		0.10088			-0.80782		0.26495
24		-0.90348		 0.10164		0.099907		0.10442			0.099907		0.10442			-0.8023			0.27566
25		-0.8999			 0.11861		0.10392 		0.10792			 0.10392		0.10792			-0.79653		0.28625
26		-0.89599		 0.13505		0.10812	        	0.11136			 0.10812		0.11136			-0.79052		0.29671
27		-0.89177		 0.15102		0.1125		   	0.11474			 0.1125			0.11474			-0.78426		0.30706
28		-0.88723		 0.16655		0.11706			0.11804			 0.11706		0.11804			-0.77775		0.31726
29		-0.8824		         0.18168		0.12182			0.12128			 0.12182		0.12128			-0.771			0.32733
30		-0.87727		 0.19644		0.12677			0.12443			 0.12677		0.12443			-0.764			0.33724
31		-0.87184		 0.21085		0.13192			0.12749			 0.13192		0.12749			-0.75675		0.347
32		-0.86613		 0.22493		0.13726	 		0.13046			 0.13726		0.13046			-0.74925		0.35659
33		-0.86013		 0.2387			0.14281			0.13333			 0.14281		0.13333			-0.74151		0.36601
34		-0.85384		 0.25217		0.14857			0.13608			 0.14857		0.13608			-0.73351		0.37525
35		-0.84726		 0.26537		0.15453			0.13872			 0.15453		0.13872			-0.72526		0.38429
36		-0.84039		 0.27828		0.16071			0.14122			 0.16071		0.14122			-0.71676		0.39313
37		-0.83324		 0.29093		0.1671			0.14359			 0.1671			0.14359			-0.70801		0.40175
38		-0.82579		 0.30331		0.17371			0.14582			 0.17371		0.14582			-0.69901		0.41015
39		-0.81804		 0.31544		0.18054			0.14788			 0.18054		0.14788			-0.68975		0.41832
40		-0.80999		 0.3273			0.1876			0.14978		 	 0.1876			0.14978			-0.68025		0.42623
