1		-0.13176		-30.798		-1.2273		-30.798		66.908		-52.657		179.26		66.908	
2		-0.33459		-26.768		-1.2238		-26.768		52.128		-89.87		178.48		52.128	
3		-0.46859		-25.236		-1.2227		-25.236		44.466		-113.24		177.69		44.466	
4		-0.54579		-24.43		-1.2235		-24.43		40.84		-128.33		176.9		40.84	
5		-0.59184		-23.879		-1.2257		-23.879		39.366		-138.68		176.11		39.366	
6		-0.62142		-23.426		-1.2289		-23.426		39.053		-146.21		175.32		39.053	
7		-0.642			-23.012		-1.233		-23.012		39.365		-151.96		174.53		39.365	
8		-0.65746		-22.613		-1.2379		-22.613		40.004		-156.53		173.75		40.004	
9		-0.66994		-22.219		-1.2437		-22.219		40.794		-160.29		172.96		40.794	
10		-0.68065		-21.828		-1.2502		-21.828		41.631		-163.45		172.17		41.631	
11		-0.69034		-21.438		-1.2575		-21.438		42.453		-166.18		171.38		42.453	
12		-0.69949		-21.05		-1.2655		-21.05		43.224		-168.58		170.59		43.224	
13		-0.70841		-20.665		-1.2744		-20.665		43.922		-170.72		169.8		43.922	
14		-0.71731		-20.284		-1.284		-20.284		44.538		-172.66		169.01		44.538	
15		-0.72634		-19.908		-1.2944		-19.908		45.066		-174.43		168.22		45.066	
16		-0.73562		-19.537		-1.3057		-19.537		45.506		-176.07		167.42		45.506	
17		-0.74525		-19.173		-1.3178		-19.173		45.86		-177.6		166.63		45.86	
18		-0.75528		-18.814		-1.3308		-18.814		46.132		-179.04		165.83		46.132	
19		-0.76578		-18.462		-1.3447		-18.462		46.325		 179.59		165.04		46.325	
20		-0.7768			-18.117		-1.3594		-18.117		46.445		 178.29		164.24		46.445	
21		-0.78839		-17.778		-1.3752		-17.778		46.495		 177.05		163.44		46.495	
22		-0.80058		-17.446		-1.3918		-17.446		46.481		 175.85		162.64		46.481	
23		-0.81342		-17.121		-1.4095		-17.121		46.405		 174.7		161.84		46.405	
24		-0.82695		-16.802		-1.4283		-16.802		46.273		 173.58		161.04		46.273	
25		-0.84121		-16.489		-1.448		-16.489		46.088		 172.49		160.23		46.088	
26		-0.85623		-16.182		-1.469		-16.182		45.853		 171.43		159.43		45.853	
27		-0.87206		-15.881		-1.491		-15.881		45.572		 170.39		158.62		45.572	
28		-0.88874		-15.585		-1.5143		-15.585		45.246		 169.37		157.81		45.246	
29		-0.9063			-15.295		-1.5388		-15.295		44.879		 168.36		157		44.879	
30		-0.92481		-15.01		-1.5646		-15.01		44.473		 167.38		156.18		44.473	
31		-0.9443			-14.729		-1.5917		-14.729		44.029		 166.4		155.37		44.029	
32		-0.96482		-14.454		-1.6203		-14.454		43.551		 165.44		154.55		43.551	
33		-0.98643		-14.183		-1.6503		-14.183		43.038		 164.49		153.73		43.038	
34		-1.0092			-13.916		-1.6819		-13.916		42.494		 163.54		152.91		42.494	
35		-1.0332			-13.653		-1.715		-13.653		41.918		 162.61		152.08		41.918	
36		-1.0584			-13.394		-1.7499		-13.394		41.313		 161.68		151.25		41.313	
37		-1.0849			-13.139		-1.7865		-13.139		40.679		 160.75		150.43		40.679	
38		-1.1129			-12.887		-1.825		-12.887		40.016		 159.83		149.6		40.016	
39		-1.1424			-12.639		-1.8654		-12.639		39.327		 158.91		148.76		39.327	
40		-1.1734			-12.393		-1.9079		-12.393		38.61		 158		147.93		38.61	
